0 0 1
1.00000000 0.00000000 0.00000000 0.00000000
0.00000000 1.00000000 0.00000000 0.00000000
0.00000000 0.00000000 1.00000000 0.00000000
0.00000000 0.00000000 0.00000000 1.00000000
1 1 2
0.99994167 0.00674129 0.00843859 0.00167983
-0.00681277 0.99994091 0.00847110 -0.00208091
-0.00838098 -0.00852810 0.99992851 -0.00134924
0.00000000 0.00000000 0.00000000 1.00000000
2 2 3
0.99991425 0.00857117 0.00990139 0.00325903
-0.00869702 0.99988104 0.01273818 -0.00284162
-0.00979103 -0.01282320 0.99986984 -0.00256518
0.00000000 0.00000000 0.00000000 1.00000000
3 3 4
0.99990907 0.00757356 0.01115785 0.00337336
-0.00761093 0.99996556 0.00331079 -0.00777611
-0.01113239 -0.00339541 0.99993227 -0.00344861
0.00000000 0.00000000 0.00000000 1.00000000
4 4 5
0.99985837 0.01219422 0.01159918 -0.00026299
-0.01232491 0.99986061 0.01126340 -0.00659399
-0.01146021 -0.01140476 0.99986929 -0.00403787
0.00000000 0.00000000 0.00000000 1.00000000
5 5 6
0.99987741 0.01385996 0.00728465 -0.00301788
-0.01382609 0.99989347 -0.00467940 -0.01019007
-0.00734873 0.00457811 0.99996252 -0.00419197
0.00000000 0.00000000 0.00000000 1.00000000
6 6 7
0.99977481 0.02078475 0.00427973 -0.00109430
-0.02079379 0.99978162 0.00207934 -0.00969684
-0.00423557 -0.00216787 0.99998868 -0.00281951
0.00000000 0.00000000 0.00000000 1.00000000
7 7 8
0.99973548 0.01980061 0.01170052 -0.00054655
-0.01979908 0.99980395 -0.00024621 -0.01017345
-0.01170310 0.00001448 0.99993152 -0.00189626
0.00000000 0.00000000 0.00000000 1.00000000
8 8 9
0.99968758 0.02375850 0.00776425 0.00073600
-0.02377972 0.99971371 0.00265137 -0.01157038
-0.00769903 -0.00283517 0.99996634 -0.00306034
0.00000000 0.00000000 0.00000000 1.00000000
9 9 10
0.99949227 0.02992769 0.01093353 0.00201776
-0.02994455 0.99955061 0.00138211 -0.01154972
-0.01088725 -0.00170881 0.99993927 -0.00311110
0.00000000 0.00000000 0.00000000 1.00000000
10 10 11
0.99953510 0.02771638 0.01270340 0.00090501
-0.02772834 0.99961520 0.00076621 -0.01176442
-0.01267727 -0.00111810 0.99991902 -0.00169198
0.00000000 0.00000000 0.00000000 1.00000000
11 11 12
0.99948201 0.02987096 0.01197695 0.00321174
-0.02988325 0.99955304 0.00084875 -0.01171361
-0.01194624 -0.00120622 0.99992791 -0.00226484
0.00000000 0.00000000 0.00000000 1.00000000
12 12 13
0.99946991 0.03017157 0.01222988 0.00496539
-0.03019816 0.99954194 0.00199577 -0.01299667
-0.01216407 -0.00236404 0.99992322 -0.00487237
0.00000000 0.00000000 0.00000000 1.00000000
13 13 14
0.99944929 0.03020286 0.01374414 0.00489888
-0.03024136 0.99953924 0.00260248 -0.01244905
-0.01365920 -0.00301668 0.99990216 -0.00456260
0.00000000 0.00000000 0.00000000 1.00000000
14 14 15
0.99950848 0.02958009 0.01038311 0.00607362
-0.02960089 0.99956008 0.00185439 -0.01024068
-0.01032368 -0.00216083 0.99994437 -0.00330993
0.00000000 0.00000000 0.00000000 1.00000000
15 15 16
0.99953096 0.02955101 0.00803745 0.00498335
-0.02952464 0.99955834 -0.00338002 -0.01072176
-0.00813378 0.00314113 0.99996199 -0.00216651
0.00000000 0.00000000 0.00000000 1.00000000
16 16 17
0.99965301 0.02625075 0.00218236 -0.00473024
-0.02624006 0.99964418 -0.00479306 -0.00748538
-0.00230740 0.00473413 0.99998613 -0.00059612
0.00000000 0.00000000 0.00000000 1.00000000
17 17 18
0.99911820 0.02967387 -0.02970324 -0.02261548
-0.03139705 0.99774427 -0.05933469 0.00692575
0.02787554 0.06021497 0.99779613 0.00246381
0.00000000 0.00000000 0.00000000 1.00000000
18 18 19
0.99891339 0.01725746 -0.04329235 -0.03722172
-0.02373300 0.98781068 -0.15384021 0.03887143
0.04010975 0.15470050 0.98714688 0.00066841
0.00000000 0.00000000 0.00000000 1.00000000
19 19 20
0.99930278 -0.02579923 0.02698790 -0.04450608
0.03106017 0.97556816 -0.21749029 0.07439260
-0.02071745 0.21817690 0.97568931 0.00846662
0.00000000 0.00000000 0.00000000 1.00000000
20 20 21
0.99773930 -0.05274673 0.04164222 -0.06976692
0.06009083 0.97766640 -0.20138891 0.11089713
-0.03008960 0.20343595 0.97862579 0.02526376
0.00000000 0.00000000 0.00000000 1.00000000
21 21 22
0.99780425 -0.04120251 0.05185578 -0.06801346
0.05348384 0.96305983 -0.26392281 0.15017564
-0.03906593 0.26611675 0.96314886 0.02604626
0.00000000 0.00000000 0.00000000 1.00000000
22 22 23
0.99926490 -0.00246560 0.03825682 -0.06340719
0.01559428 0.93777886 -0.34688273 0.19951935
-0.03502116 0.34722432 0.93712795 0.02928436
0.00000000 0.00000000 0.00000000 1.00000000
23 23 24
0.99950697 -0.00118814 0.03137522 -0.06942576
0.01467872 0.90103758 -0.43349258 0.25117349
-0.02775521 0.43373940 0.90061078 0.04568162
0.00000000 0.00000000 0.00000000 1.00000000
24 24 25
0.99845893 -0.03794173 0.04049933 -0.08249066
0.05251227 0.88199169 -0.46833014 0.30295166
-0.01795082 0.46973513 0.88262488 0.09228864
0.00000000 0.00000000 0.00000000 1.00000000
25 25 26
0.99713314 -0.06216357 0.04314153 -0.08087968
0.07480178 0.89579458 -0.43812870 0.33062989
-0.01141030 0.44009971 0.89787641 0.11737123
0.00000000 0.00000000 0.00000000 1.00000000
26 26 27
0.99648541 -0.06336638 0.05478620 -0.09134572
0.08158164 0.88254732 -0.46309251 0.35240806
-0.01900692 0.46593448 0.88461506 0.12651355
0.00000000 0.00000000 0.00000000 1.00000000
27 27 28
0.99604356 -0.05044301 0.07316241 -0.09281708
0.08169362 0.84378476 -0.53042760 0.37491558
-0.03497696 0.53430590 0.84456724 0.12995538
0.00000000 0.00000000 0.00000000 1.00000000
28 28 29
0.99651253 -0.04322700 0.07137373 -0.09562164
0.07822877 0.78160599 -0.61884758 0.42034453
-0.02903521 0.62227285 0.78226176 0.13980456
0.00000000 0.00000000 0.00000000 1.00000000
29 29 30
0.99718224 -0.04211943 0.06207691 -0.10228062
0.07272688 0.74570314 -0.66229723 0.46046231
-0.01839537 0.66494569 0.74666514 0.15025955
0.00000000 0.00000000 0.00000000 1.00000000
30 30 31
0.99751792 -0.03574867 0.06066331 -0.10580588
0.06797882 0.71350469 -0.69734492 0.49585145
-0.01835440 0.69973787 0.71416386 0.16438768
0.00000000 0.00000000 0.00000000 1.00000000
31 31 32
0.99655198 -0.03491177 0.07526833 -0.10979342
0.07913580 0.67255110 -0.73580741 0.52114369
-0.02493346 0.73922675 0.67299490 0.18314607
0.00000000 0.00000000 0.00000000 1.00000000
32 32 33
0.99675619 -0.03448525 0.07271771 -0.11860705
0.07819399 0.62881014 -0.77361715 0.53475735
-0.01904725 0.77679378 0.62946694 0.22945660
0.00000000 0.00000000 0.00000000 1.00000000
33 33 34
0.99531053 -0.03505715 0.09015514 -0.11975436
0.09218290 0.62619247 -0.77419978 0.53920898
-0.02931323 0.77887996 0.62648763 0.26833796
0.00000000 0.00000000 0.00000000 1.00000000
34 34 35
0.99629438 -0.03105493 0.08020656 -0.12347171
0.08261913 0.60476928 -0.79210365 0.53906555
-0.02390773 0.79579502 0.60509397 0.30008058
0.00000000 0.00000000 0.00000000 1.00000000
35 35 36
0.99704006 -0.01938853 0.07439897 -0.12900862
0.07178136 0.58139668 -0.81044761 0.54771298
-0.02754193 0.81338919 0.58106752 0.32286875
0.00000000 0.00000000 0.00000000 1.00000000
36 36 37
0.99686224 -0.01945696 0.07672740 -0.14032738
0.07638983 0.49048025 -0.86809776 0.57483194
-0.02074273 0.87123507 0.49042755 0.34720342
0.00000000 0.00000000 0.00000000 1.00000000
37 37 38
0.99576174 -0.02700199 0.08791726 -0.15168031
0.09122524 0.41142058 -0.90686882 0.60165392
-0.01168371 0.91104555 0.41214014 0.37540045
0.00000000 0.00000000 0.00000000 1.00000000
38 38 39
0.99496757 -0.04580188 0.08911632 -0.15788636
0.09945183 0.34312867 -0.93400859 0.61394682
0.01220099 0.93817104 0.34595698 0.39980042
0.00000000 0.00000000 0.00000000 1.00000000
39 39 40
0.99220484 -0.04792060 0.11503549 -0.16152393
0.12398825 0.28695978 -0.94988473 0.61662324
0.01250849 0.95674328 0.29066447 0.42546103
0.00000000 0.00000000 0.00000000 1.00000000
40 40 41
0.98608924 -0.05442853 0.15705271 -0.16368644
0.16593298 0.26715703 -0.94925938 0.61851901
0.00970905 0.96211468 0.27247216 0.46641770
0.00000000 0.00000000 0.00000000 1.00000000
41 41 42
0.98028134 -0.06781069 0.18560764 -0.17778045
0.19721490 0.27659219 -0.94053338 0.62476627
0.01244059 0.95859192 0.28451144 0.50087660
0.00000000 0.00000000 0.00000000 1.00000000
42 42 43
0.97156813 -0.08891486 0.21943000 -0.18789183
0.23385837 0.21573920 -0.94803316 0.63032679
0.03695459 0.97239434 0.23039881 0.52467561
0.00000000 0.00000000 0.00000000 1.00000000
43 43 44
0.96353397 -0.08436336 0.25393918 -0.19728384
0.26509817 0.17184715 -0.94878423 0.63924554
0.03640390 0.98150465 0.18794514 0.54162452
0.00000000 0.00000000 0.00000000 1.00000000
44 44 45
0.96449477 -0.06318095 0.25643325 -0.20758717
0.26186524 0.10268120 -0.95962658 0.65375007
0.03429924 0.99270577 0.11558037 0.57638191
0.00000000 0.00000000 0.00000000 1.00000000
45 45 46
0.96968629 -0.04730185 0.23973117 -0.21329299
0.23990931 -0.00195876 -0.97079333 0.66031460
0.04638990 0.99887872 0.00944877 0.61170786
0.00000000 0.00000000 0.00000000 1.00000000
46 46 47
0.96613791 -0.05162573 0.25280886 -0.21786564
0.24969409 -0.05991412 -0.96646943 0.65499646
0.06504151 0.99686764 -0.04499466 0.64495468
0.00000000 0.00000000 0.00000000 1.00000000
47 47 48
0.96187444 -0.06692450 0.26517669 -0.21620475
0.26040402 -0.07223744 -0.96279359 0.64279979
0.08359017 0.99513962 -0.05205594 0.68548252
0.00000000 0.00000000 0.00000000 1.00000000
48 48 49
0.95840590 -0.05246638 0.28054486 -0.21739556
0.27461139 -0.09829308 -0.95651819 0.62698302
0.07776067 0.99377349 -0.07979680 0.73013023
0.00000000 0.00000000 0.00000000 1.00000000
49 49 50
0.95912798 -0.04277667 0.27972071 -0.21817159
0.27301297 -0.12006303 -0.95448876 0.62344915
0.07441397 0.99184425 -0.10347723 0.75548610
0.00000000 0.00000000 0.00000000 1.00000000
50 50 51
0.95881218 -0.03421421 0.28197268 -0.21644999
0.27160430 -0.18009502 -0.94540832 0.62712522
0.08312828 0.98305400 -0.16338457 0.78361908
0.00000000 0.00000000 0.00000000 1.00000000
51 51 52
0.96528910 -0.01618600 0.26068173 -0.21789257
0.24897198 -0.24459561 -0.93711576 0.63132718
0.07892977 0.96949007 -0.23207561 0.82180321
0.00000000 0.00000000 0.00000000 1.00000000
52 52 53
0.96917078 -0.01456849 0.24595885 -0.22216474
0.22643078 -0.34091969 -0.91241595 0.62432646
0.09714474 0.93997954 -0.32711064 0.86932286
0.00000000 0.00000000 0.00000000 1.00000000
53 53 54
0.96201467 -0.01551206 0.27255668 -0.22464798
0.24470735 -0.39358962 -0.88611823 0.60480133
0.12102100 0.91915536 -0.37484308 0.90143780
0.00000000 0.00000000 0.00000000 1.00000000
54 54 55
0.95987129 -0.01877776 0.27981156 -0.22455113
0.24725244 -0.41416863 -0.87597408 0.58340438
0.13233800 0.91000645 -0.39290573 0.93562338
0.00000000 0.00000000 0.00000000 1.00000000
55 55 56
0.96068383 -0.01557241 0.27720766 -0.22610518
0.24412810 -0.42817329 -0.87009718 0.57223364
0.13224242 0.90356247 -0.40753749 0.96754107
0.00000000 0.00000000 0.00000000 1.00000000
56 56 57
0.96474554 0.00519404 0.26313318 -0.22863433
0.22909959 -0.50866289 -0.82992496 0.55988667
0.12953542 0.86095011 -0.49192020 1.00656310
0.00000000 0.00000000 0.00000000 1.00000000
57 57 58
0.96928583 0.01909897 0.24519421 -0.22754976
0.20774546 -0.59719109 -0.77472874 0.55412975
0.13163128 0.80187158 -0.58281659 1.03011429
0.00000000 0.00000000 0.00000000 1.00000000
58 58 59
0.97275785 0.02944345 0.22994619 -0.23007380
0.19348789 -0.64946145 -0.73536540 0.54618476
0.12768949 0.75982426 -0.63746567 1.05174140
0.00000000 0.00000000 0.00000000 1.00000000
59 59 60
0.97483269 0.04013916 0.21929447 -0.24297321
0.17693180 -0.73774376 -0.65148237 0.51800373
0.13563317 0.67388648 -0.72627863 1.08835001
0.00000000 0.00000000 0.00000000 1.00000000
60 60 61
0.96988027 0.03144644 0.24154374 -0.23981130
0.17293658 -0.78723297 -0.59190978 0.48727604
0.17153774 0.61585336 -0.76895997 1.12613931
0.00000000 0.00000000 0.00000000 1.00000000
61 61 62
0.96845717 0.05577413 0.24285790 -0.23704117
0.18914124 -0.79904986 -0.57074067 0.46863476
0.16222300 0.59867233 -0.78439476 1.15905081
0.00000000 0.00000000 0.00000000 1.00000000
62 62 63
0.96407561 0.05500525 0.25987042 -0.23936200
0.19406424 -0.81387201 -0.54767821 0.45444268
0.18137608 0.57843477 -0.79530871 1.19060901
0.00000000 0.00000000 0.00000000 1.00000000
63 63 64
0.96232472 0.04813444 0.26760832 -0.23324223
0.18592040 -0.83465474 -0.51844485 0.45034412
0.19840550 0.54866614 -0.81215807 1.22197413
0.00000000 0.00000000 0.00000000 1.00000000
64 64 65
0.96839100 0.05889354 0.24238486 -0.22979290
0.16788691 -0.87256601 -0.45874018 0.43507790
0.18447995 0.48493310 -0.85487252 1.27044946
0.00000000 0.00000000 0.00000000 1.00000000
65 65 66
0.97261546 0.06634369 0.22275029 -0.22757643
0.15570591 -0.89752661 -0.41255503 0.42161532
0.17255389 0.43594094 -0.88327836 1.30675943
0.00000000 0.00000000 0.00000000 1.00000000
66 66 67
0.97326465 0.07112101 0.21839810 -0.23009339
0.14869212 -0.91981200 -0.36309301 0.40330333
0.17506166 0.38585967 -0.90579563 1.33457228
0.00000000 0.00000000 0.00000000 1.00000000
67 67 68
0.97403543 0.06823262 0.21586869 -0.22997495
0.14102587 -0.92877705 -0.34276069 0.36417050
0.17710643 0.36430412 -0.91428432 1.35633035
0.00000000 0.00000000 0.00000000 1.00000000
68 68 69
0.97009639 0.07565371 0.23062853 -0.23507471
0.15633952 -0.92158412 -0.35530361 0.31879252
0.18566355 0.38073510 -0.90585309 1.37113892
0.00000000 0.00000000 0.00000000 1.00000000
69 69 70
0.96789069 0.09867316 0.23119520 -0.23995269
0.17142049 -0.93179431 -0.31995997 0.28373082
0.18385491 0.34931787 -0.91878964 1.37766774
0.00000000 0.00000000 0.00000000 1.00000000
70 70 71
0.96657679 0.10386892 0.23439404 -0.23855766
0.16231120 -0.95562038 -0.24585517 0.26059091
0.19845501 0.27568267 -0.94053956 1.37813623
0.00000000 0.00000000 0.00000000 1.00000000
71 71 72
0.96879365 0.09672389 0.22821777 -0.23790119
0.13827621 -0.97503430 -0.17374637 0.23294385
0.20571473 0.19988147 -0.95798165 1.38201644
0.00000000 0.00000000 0.00000000 1.00000000
72 72 73
0.96952063 0.09529845 0.22571654 -0.23201568
0.11544663 -0.99026339 -0.07778486 0.19188182
0.21610605 0.10147224 -0.97108267 1.39677785
0.00000000 0.00000000 0.00000000 1.00000000
73 73 74
0.97341198 0.10195873 0.20511832 -0.23000675
0.10681416 -0.99419776 -0.01270994 0.15992028
0.20263229 0.03428155 -0.97865465 1.40793449
0.00000000 0.00000000 0.00000000 1.00000000
74 74 75
0.97865234 0.06965461 0.19335933 -0.22678994
0.06189709 -0.99702735 0.04588256 0.12218225
0.19598047 -0.03293469 -0.98005457 1.41626438
0.00000000 0.00000000 0.00000000 1.00000000
75 75 76
0.98285583 0.03823372 0.18036798 -0.22986107
0.02715938 -0.99761384 0.06347429 0.08626591
0.18236445 -0.05748740 -0.98154898 1.42564807
0.00000000 0.00000000 0.00000000 1.00000000
76 76 77
0.98465366 0.02989958 0.17193947 -0.22745857
0.00978120 -0.99312078 0.11668522 0.04290622
0.17424550 -0.11321276 -0.97817247 1.43181594
0.00000000 0.00000000 0.00000000 1.00000000
77 77 78
0.98509326 0.03722754 0.16794459 -0.22297086
0.01203695 -0.98882638 0.14858503 0.00547171
0.17159950 -0.14434857 -0.97453430 1.43229347
0.00000000 0.00000000 0.00000000 1.00000000
78 78 79
0.98604763 0.03590179 0.16254577 -0.22809102
0.01107068 -0.98844696 0.15116230 -0.03673663
0.16609487 -0.14725374 -0.97505325 1.42767539
0.00000000 0.00000000 0.00000000 1.00000000
79 79 80
0.98692502 0.03765443 0.15671998 -0.22811230
0.01247993 -0.98726176 0.15861423 -0.07372761
0.16069617 -0.15458449 -0.97482325 1.42725348
0.00000000 0.00000000 0.00000000 1.00000000
80 80 81
0.98412630 0.04828500 0.17077465 -0.21875518
0.00578349 -0.97049077 0.24106892 -0.11782867
0.17737523 -0.23625459 -0.95536475 1.42633254
0.00000000 0.00000000 0.00000000 1.00000000
81 81 82
0.98639876 0.04715945 0.15745944 -0.21933464
-0.00617125 -0.94665650 0.32218532 -0.15061210
0.16425409 -0.31877492 -0.93348977 1.42358432
0.00000000 0.00000000 0.00000000 1.00000000
82 82 83
0.98922670 0.05329703 0.13634502 -0.21705133
-0.00115839 -0.92849206 0.37135044 -0.18805706
0.14638714 -0.36750771 -0.91842740 1.42528469
0.00000000 0.00000000 0.00000000 1.00000000
83 83 84
0.99251198 0.05326129 0.10992362 -0.21476456
0.00306134 -0.91049043 0.41351880 -0.23057368
0.12210895 -0.41008586 -0.90383571 1.42415847
0.00000000 0.00000000 0.00000000 1.00000000
84 84 85
0.99134686 0.05759098 0.11796054 -0.21221976
-0.00622040 -0.87700107 0.48044815 -0.28105743
0.13112099 -0.47702453 -0.86905402 1.40968580
0.00000000 0.00000000 0.00000000 1.00000000
85 85 86
0.99241177 0.05224202 0.11130881 -0.21255505
-0.01029694 -0.86676247 0.49861487 -0.32106804
0.12252695 -0.49597741 -0.85964734 1.38331974
0.00000000 0.00000000 0.00000000 1.00000000
86 86 87
0.99333761 0.03628373 0.10937956 -0.21910141
-0.02422152 -0.86220376 0.50598222 -0.35605768
0.11266639 -0.50526050 -0.85558057 1.35226261
0.00000000 0.00000000 0.00000000 1.00000000
87 87 88
0.99204778 0.04137156 0.11886801 -0.21293768
-0.03127528 -0.83377964 0.55121082 -0.37646670
0.12191418 -0.55054509 -0.82585533 1.33287340
0.00000000 0.00000000 0.00000000 1.00000000
88 88 89
0.99387870 0.05412321 0.09631096 -0.20811181
-0.02194249 -0.75769973 0.65223435 -0.40517514
0.10827580 -0.65035513 -0.75187403 1.30733072
0.00000000 0.00000000 0.00000000 1.00000000
89 89 90
0.99479374 0.05652141 0.08479822 -0.20336459
-0.02181261 -0.69472026 0.71894921 -0.43837022
0.09954707 -0.71705585 -0.68987049 1.29270936
0.00000000 0.00000000 0.00000000 1.00000000
90 90 91
0.99535671 0.05186618 0.08108582 -0.19718388
-0.02986839 -0.63439429 0.77243237 -0.48107570
0.09150350 -0.77126765 -0.62989945 1.28158882
0.00000000 0.00000000 0.00000000 1.00000000
91 91 92
0.99647357 0.03348975 0.07693413 -0.19263627
-0.04166122 -0.59841624 0.80010146 -0.52473252
0.07283383 -0.80048513 -0.59491075 1.26527660
0.00000000 0.00000000 0.00000000 1.00000000
92 92 93
0.99655081 0.03505811 0.07521580 -0.19099883
-0.04255120 -0.56228190 0.82585014 -0.55396002
0.07124522 -0.82620215 -0.55885072 1.23318049
0.00000000 0.00000000 0.00000000 1.00000000
93 93 94
0.99535755 0.04409255 0.08555235 -0.18430803
-0.05006922 -0.52192303 0.85152183 -0.57156359
0.08219751 -0.85185222 -0.51729234 1.19044564
0.00000000 0.00000000 0.00000000 1.00000000
94 94 95
0.99473075 0.05092435 0.08897998 -0.17791516
-0.05061252 -0.51085176 0.85817763 -0.59081406
0.08915772 -0.85815919 -0.50558255 1.14302489
0.00000000 0.00000000 0.00000000 1.00000000
95 95 96
0.99426217 0.05320209 0.09280232 -0.16978135
-0.05401389 -0.49913576 0.86483871 -0.60860249
0.09233218 -0.86488903 -0.49339815 1.10987516
0.00000000 0.00000000 0.00000000 1.00000000
96 96 97
0.99406693 0.07442052 0.07932546 -0.16145102
-0.04165082 -0.41326430 0.90965808 -0.63050591
0.10047961 -0.90756499 -0.40771270 1.07243278
0.00000000 0.00000000 0.00000000 1.00000000
97 97 98
0.99683073 0.05706930 0.05542190 -0.15461224
-0.03274839 -0.34052354 0.93966550 -0.65714846
0.07249852 -0.93850243 -0.33757540 1.03671108
0.00000000 0.00000000 0.00000000 1.00000000
98 98 99
0.99794173 0.04610832 0.04456817 -0.15926756
-0.02881961 -0.29838788 0.95400949 -0.68218476
0.05728638 -0.95333032 -0.29644490 1.00658005
0.00000000 0.00000000 0.00000000 1.00000000
99 99 100
0.99856842 0.03498981 0.04045771 -0.16613411
-0.03059220 -0.24686118 0.96856785 -0.69634018
0.04387745 -0.96841895 -0.24543737 0.97008505
0.00000000 0.00000000 0.00000000 1.00000000
100 100 101
0.99263756 0.04824347 0.11110019 -0.20308270
-0.09829197 -0.21514306 0.97162346 -0.67092987
0.07077692 -0.97539019 -0.20881714 0.90187329
0.00000000 0.00000000 0.00000000 1.00000000
101 101 102
0.99221902 0.07120377 0.10213439 -0.18956115
-0.08788632 -0.18050262 0.97964014 -0.66561510
0.08818960 -0.98099380 -0.17284030 0.87198260
0.00000000 0.00000000 0.00000000 1.00000000
102 102 103
0.99191897 0.07207251 0.10441410 -0.17756716
-0.09481265 -0.12576781 0.98751862 -0.66301411
0.08430488 -0.98943823 -0.11791809 0.83778955
0.00000000 0.00000000 0.00000000 1.00000000
103 103 104
0.99444623 0.06241548 0.08474080 -0.17102306
-0.08162350 -0.05091032 0.99536212 -0.66765731
0.06644018 -0.99675095 -0.04553301 0.79758942
0.00000000 0.00000000 0.00000000 1.00000000
104 104 105
0.99700064 0.04660265 0.06178934 -0.15984647
-0.06454415 0.06012715 0.99610179 -0.68540628
0.04270576 -0.99710226 0.06295473 0.73677756
0.00000000 0.00000000 0.00000000 1.00000000
105 105 106
0.99727194 0.03637455 0.06423063 -0.15491148
-0.06742898 0.09487314 0.99320311 -0.70253848
0.03003356 -0.99482460 0.09706702 0.69033559
0.00000000 0.00000000 0.00000000 1.00000000
106 106 107
0.99829204 0.03640342 0.04569244 -0.15464516
-0.04936989 0.10751867 0.99297651 -0.71672861
0.03123495 -0.99353637 0.10913227 0.65171791
0.00000000 0.00000000 0.00000000 1.00000000
107 107 108
0.99807139 0.03974217 0.04768707 -0.15120373
-0.05359883 0.16418327 0.98497260 -0.71462678
0.03131553 -0.98562894 0.16599676 0.62019824
0.00000000 0.00000000 0.00000000 1.00000000
108 108 109
0.99657991 0.05643382 0.06036319 -0.15172125
-0.07202659 0.23516434 0.96928319 -0.69384455
0.04050508 -0.97031591 0.23842479 0.57469170
0.00000000 0.00000000 0.00000000 1.00000000
109 109 110
0.99594620 0.05930750 0.06762985 -0.14751986
-0.08080937 0.25968231 0.96230709 -0.67144190
0.03950975 -0.96387122 0.26342221 0.53696400
0.00000000 0.00000000 0.00000000 1.00000000
110 110 111
0.99636795 0.05103677 0.06816268 -0.14382544
-0.08000801 0.28709454 0.95455510 -0.65212925
0.02914828 -0.95654167 0.29013515 0.50001836
0.00000000 0.00000000 0.00000000 1.00000000
111 111 112
0.99782527 0.04132536 0.05135126 -0.14218115
-0.06267272 0.35350464 0.93333092 -0.63872762
0.02041732 -0.93451949 0.35532584 0.46324213
0.00000000 0.00000000 0.00000000 1.00000000
112 112 113
0.99913832 0.03230721 0.02605487 -0.14090900
-0.03817492 0.46899086 0.88237761 -0.63092085
0.01628767 -0.88261193 0.46982007 0.40487284
0.00000000 0.00000000 0.00000000 1.00000000
113 113 114
0.99941259 0.01730534 0.02958055 -0.13383460
-0.03425951 0.52658560 0.84943151 -0.63178200
-0.00087699 -0.84994596 0.52686915 0.36188996
0.00000000 0.00000000 0.00000000 1.00000000
114 114 115
0.99994040 -0.00026806 0.01091417 -0.13310110
-0.00897945 0.54842157 0.83615379 -0.62692983
-0.00620971 -0.83620196 0.54838648 0.32320341
0.00000000 0.00000000 0.00000000 1.00000000
115 115 116
0.99944501 -0.00938601 0.03196219 -0.13204409
-0.02037370 0.58687694 0.80941977 -0.61119973
-0.02635510 -0.80962174 0.58636000 0.29547267
0.00000000 0.00000000 0.00000000 1.00000000
116 116 117
0.99717187 0.00605310 0.07491077 -0.13294541
-0.06196942 0.63016594 0.77398364 -0.57010124
-0.04252122 -0.77643689 0.62875886 0.25861042
0.00000000 0.00000000 0.00000000 1.00000000
117 117 118
0.99549776 -0.00453203 0.09467664 -0.13511175
-0.06929675 0.64669781 0.75959193 -0.53797990
-0.06466967 -0.76273285 0.64347217 0.22831098
0.00000000 0.00000000 0.00000000 1.00000000
118 118 119
0.99423182 -0.01390946 0.10634664 -0.13085742
-0.06969735 0.66985703 0.73921163 -0.51644324
-0.08151907 -0.74235981 0.66502372 0.20591287
0.00000000 0.00000000 0.00000000 1.00000000
119 119 120
0.99533005 -0.01445568 0.09544177 -0.12742998
-0.05647525 0.71464655 0.69720216 -0.49711833
-0.07828566 -0.69933636 0.71049280 0.18505201
0.00000000 0.00000000 0.00000000 1.00000000
120 120 121
0.99781282 -0.01782961 0.06365287 -0.12229704
-0.02551418 0.78443754 0.61968280 -0.47367264
-0.06098041 -0.61995149 0.78226692 0.14502610
0.00000000 0.00000000 0.00000000 1.00000000
121 121 122
0.99821515 -0.03432698 0.04886887 -0.11521140
0.00038576 0.82198574 0.56950794 -0.45452667
-0.05971900 -0.56847260 0.82053186 0.11119163
0.00000000 0.00000000 0.00000000 1.00000000
122 122 123
0.99804795 -0.05666280 0.02626064 -0.11329067
0.03437462 0.84947831 0.52650260 -0.43102196
-0.05214096 -0.52457214 0.84976784 0.07726503
0.00000000 0.00000000 0.00000000 1.00000000
123 123 124
0.99785424 -0.05051544 0.04165465 -0.10929384
0.02490425 0.88120962 0.47206927 -0.40181214
-0.06055326 -0.47001894 0.88057680 0.05403129
0.00000000 0.00000000 0.00000000 1.00000000
124 124 125
0.99720398 -0.04709772 0.05801756 -0.10575622
0.01590406 0.89235966 0.45104467 -0.34313963
-0.07301570 -0.44886083 0.89061365 0.02994256
0.00000000 0.00000000 0.00000000 1.00000000
125 125 126
0.99603402 -0.05385173 0.07082524 -0.11160274
0.01793051 0.90118931 0.43305465 -0.30786459
-0.08714769 -0.43006723 0.89858080 0.01660848
0.00000000 0.00000000 0.00000000 1.00000000
126 126 127
0.99554590 -0.05262460 0.07822405 -0.10920679
0.01936282 0.92615824 0.37663776 -0.28443419
-0.09226826 -0.37344554 0.92305200 0.00492556
0.00000000 0.00000000 0.00000000 1.00000000
127 127 128
0.99557970 -0.04384032 0.08306073 -0.10611284
0.01762384 0.95586604 0.29327379 -0.26455865
-0.09225215 -0.29051359 0.95241346 -0.00728641
0.00000000 0.00000000 0.00000000 1.00000000
128 128 129
0.98840510 -0.06503377 0.13720777 -0.11110701
0.03549273 0.97755631 0.20766302 -0.22435792
-0.14763343 -0.20038531 0.96852986 -0.02171741
0.00000000 0.00000000 0.00000000 1.00000000
129 129 130
0.98142661 -0.09197541 0.16835184 -0.13394770
0.06007278 0.98078209 0.18562798 -0.19969937
-0.18218968 -0.17206688 0.96809086 -0.02045407
0.00000000 0.00000000 0.00000000 1.00000000
130 130 131
0.97639974 -0.10613220 0.18809440 -0.16270110
0.07155893 0.98070945 0.18190189 -0.17926334
-0.20377160 -0.16414913 0.96515916 -0.01240926
0.00000000 0.00000000 0.00000000 1.00000000
131 131 132
0.97250697 -0.09876188 0.21089403 -0.20315658
0.05830390 0.98003374 0.19009085 -0.16725025
-0.22545699 -0.17256873 0.95884784 0.00514319
0.00000000 0.00000000 0.00000000 1.00000000
132 132 133
0.95983855 -0.10209942 0.26131527 -0.24399707
0.05517782 0.98193728 0.18098227 -0.15418903
-0.27507339 -0.15929495 0.94813488 0.02097953
0.00000000 0.00000000 0.00000000 1.00000000
133 133 134
0.93371746 -0.07781409 0.34945196 -0.30242523
0.02696702 0.98860716 0.14808327 -0.13600276
-0.35699368 -0.12884425 0.92517819 0.05205765
0.00000000 0.00000000 0.00000000 1.00000000
134 134 135
0.92949901 -0.08567930 0.35873478 -0.34587409
0.04862575 0.99262078 0.11108338 -0.11648562
-0.36560515 -0.08580815 0.92680626 0.08035878
0.00000000 0.00000000 0.00000000 1.00000000
135 135 136
0.92296954 -0.07131452 0.37820823 -0.36706551
0.04990628 0.99656280 0.06612078 -0.09902898
-0.38162362 -0.04215251 0.92335615 0.10988687
0.00000000 0.00000000 0.00000000 1.00000000
136 136 137
0.91557682 -0.04536133 0.39957656 -0.38866406
0.04788812 0.99884599 0.00366322 -0.08611211
-0.39928161 0.01578101 0.91669251 0.14594023
0.00000000 0.00000000 0.00000000 1.00000000
137 137 138
0.92346532 -0.05156506 0.38020107 -0.41149027
0.05667219 0.99839032 -0.00224289 -0.08525026
-0.37947341 0.02361806 0.92490114 0.19149480
0.00000000 0.00000000 0.00000000 1.00000000
138 138 139
0.91042139 -0.05359120 0.41019615 -0.43110615
0.05629240 0.99839918 0.00549885 -0.08467662
-0.40983419 0.01808465 0.91198075 0.23374562
0.00000000 0.00000000 0.00000000 1.00000000
139 139 140
0.89679203 -0.06928547 0.43699380 -0.44249686
0.07399315 0.99723907 0.00626487 -0.07919100
-0.43622135 0.02671626 0.89944270 0.26875951
0.00000000 0.00000000 0.00000000 1.00000000
140 140 141
0.88566005 -0.07304212 0.45855330 -0.45437410
0.07989149 0.99679353 0.00447323 -0.06586661
-0.45740970 0.03267274 0.88865565 0.30244060
0.00000000 0.00000000 0.00000000 1.00000000
141 141 142
0.86735608 -0.06656927 0.49321594 -0.47668524
0.09161505 0.99543492 -0.02675806 -0.04135475
-0.48918311 0.06839477 0.86949528 0.35059496
0.00000000 0.00000000 0.00000000 1.00000000
142 142 143
0.83897235 -0.06139163 0.54069998 -0.49025901
0.10782002 0.99267057 -0.05458915 -0.02293848
-0.53338564 0.10409707 0.83944241 0.38462161
0.00000000 0.00000000 0.00000000 1.00000000
143 143 144
0.81403317 -0.02813030 0.58013678 -0.49678637
0.10394104 0.98975788 -0.09785498 -0.01579229
-0.57144226 0.13995722 0.80861964 0.41800657
0.00000000 0.00000000 0.00000000 1.00000000
144 144 145
0.79416458 0.00508171 0.60768149 -0.50634480
0.08177170 0.98997738 -0.11514414 -0.01415032
-0.60217606 0.14113454 0.78578943 0.44362173
0.00000000 0.00000000 0.00000000 1.00000000
145 145 146
0.76183067 -0.01309485 0.64764385 -0.50557238
0.11812362 0.98584061 -0.11901721 -0.00390521
-0.63691510 0.16717300 0.75259042 0.46181775
0.00000000 0.00000000 0.00000000 1.00000000
146 146 147
0.75042045 -0.04779313 0.65923058 -0.50770388
0.14150939 0.98587279 -0.08960991 0.00889664
-0.64563475 0.16053243 0.74658228 0.46036029
0.00000000 0.00000000 0.00000000 1.00000000
147 147 148
0.74309570 -0.09839352 0.66191200 -0.52620898
0.15315328 0.98788393 -0.02508817 0.02291998
-0.65142371 0.12001690 0.74916159 0.44364928
0.00000000 0.00000000 0.00000000 1.00000000
148 148 149
0.73392649 -0.11009565 0.67024686 -0.53952394
0.14681393 0.98916263 0.00171857 0.02996921
-0.66317235 0.09714028 0.74213624 0.42320755
0.00000000 0.00000000 0.00000000 1.00000000
149 149 150
0.70176284 -0.10171957 0.70511137 -0.55363747
0.12807389 0.99164211 0.01558891 0.03441583
-0.70080382 0.07936664 0.70892521 0.39009201
0.00000000 0.00000000 0.00000000 1.00000000
150 150 151
0.66057003 -0.11259197 0.74227373 -0.57071191
0.12580502 0.99131114 0.03840989 0.03494275
-0.74014886 0.06800934 0.66899506 0.36464659
0.00000000 0.00000000 0.00000000 1.00000000
151 151 152
0.65047268 -0.11103665 0.75136952 -0.58492217
0.10861154 0.99268788 0.05267168 0.03509690
-0.75172390 0.04734591 0.65777621 0.34225946
0.00000000 0.00000000 0.00000000 1.00000000
152 152 153
0.66175359 -0.11130962 0.74141240 -0.58550571
0.11240838 0.99246943 0.04867028 0.03068594
-0.74124661 0.05113323 0.66928234 0.33180395
0.00000000 0.00000000 0.00000000 1.00000000
153 153 154
0.66535121 -0.10421970 0.73921987 -0.58311363
0.11322016 0.99284029 0.03807033 0.02802962
-0.73789495 0.05836446 0.67238726 0.32986021
0.00000000 0.00000000 0.00000000 1.00000000
154 154 155
0.66348962 -0.09697085 0.74187477 -0.58073597
0.11082128 0.99336511 0.03073119 0.02666584
-0.73993254 0.06182569 0.66983387 0.33146363
0.00000000 0.00000000 0.00000000 1.00000000
155 155 156
0.65565587 -0.09075942 0.74958529 -0.57823513
0.11110811 0.99353954 0.02311197 0.02585843
-0.74684026 0.06813150 0.66150414 0.33322796
0.00000000 0.00000000 0.00000000 1.00000000
156 156 157
0.65526620 -0.08700402 0.75037092 -0.57594223
0.10902957 0.99383683 0.02002264 0.02503272
-0.74748830 0.06869246 0.66071369 0.33380430
0.00000000 0.00000000 0.00000000 1.00000000
157 157 158
0.65972787 -0.08103967 0.74712229 -0.57080739
0.10538034 0.99432186 0.01479967 0.02513061
-0.74407938 0.06896825 0.66452182 0.33244725
0.00000000 0.00000000 0.00000000 1.00000000
158 158 159
0.66816071 -0.07781516 0.73993653 -0.57107762
0.09705171 0.99513388 0.01701546 0.02429851
-0.73765997 0.06044304 0.67246145 0.33042786
0.00000000 0.00000000 0.00000000 1.00000000
159 159 160
0.68755678 -0.06943872 0.72280283 -0.57378772
0.08830180 0.99602516 0.01169089 0.02211411
-0.72074161 0.05578664 0.69095542 0.32808132
0.00000000 0.00000000 0.00000000 1.00000000
160 160 161
0.68977264 -0.06742012 0.72088018 -0.57209600
0.08829970 0.99605625 0.00866651 0.02214668
-0.71862150 0.05767558 0.69300553 0.32623738
0.00000000 0.00000000 0.00000000 1.00000000
161 161 162
0.68858070 -0.06706713 0.72205167 -0.57173793
0.08191899 0.99653437 0.01444060 0.02147159
-0.72051780 0.04920623 0.69168841 0.32159282
0.00000000 0.00000000 0.00000000 1.00000000
